# Created by Octave 4.2.2, Mon Jul 02 23:53:08 2018 IST <vishnu@Oakforest>
# name: v
# type: matrix
# rows: 1
# columns: 8
 1 2 3 4 5 6 7 8


